0.0307
0.6656
0.9849
1.6226
2.5791
3.2243
3.8558
4.5018
4.8262
5.1315
5.4653
5.6265
5.7788
6.1057
6.4084
6.7461
6.9068
7.0557
7.3807
7.6854
8.3324
8.9621
9.6088
9.9378
10.0983
10.2370
10.5752
10.7371
10.8832
11.2113
11.5129
11.8309
12.1598
12.4702
12.6504
12.7895
13.1139
13.4349
13.7473
14.0659
14.3860
14.7129
15.0239
15.1977
15.3431
15.6627
15.9902
16.3008
16.6200
16.9382
17.2672
17.5780
17.7521
17.8971
18.2166
18.5442
18.8548
19.1739
19.4940
19.8211
20.1331
20.3055
20.4510
20.7650
21.0980
21.4034
21.7277
22.0418
22.3748
22.6877
23.0057
23.3216
23.4962
23.6513
23.9577
24.1367
24.2812
24.5961
24.7591
24.9254
25.0916
25.2351
25.4091
25.5557
25.8737
26.0493
26.2019
26.5120
26.6883
26.8330
27.1510
27.3139
27.4788
27.6449
27.7899
27.9634
28.1088
28.4282
28.6034
28.7557
29.0663
29.2430
29.3861
29.7049
29.8671
30.0324
30.3441
30.5173
30.6639
30.9824
31.1541
31.3097
31.6205
31.7927
31.9403
32.2594
32.4189
32.5864
32.7380
32.8937
33.0723
33.2170
33.5316
33.7111
33.8633
34.1763
34.3497
34.4943
34.8133
34.9714
35.1401
35.3044
35.4522
35.6218
35.7667
36.0865
36.2640
36.4134
36.7237
36.9017
37.0438
37.3618
37.5251
37.6935
37.8574
38.0006
38.1746
38.3228
38.6395
38.8147
38.9649
39.2776
39.4532
39.6003
39.9174
40.0787
40.2447
40.5547
40.7285
40.8750
41.1994
41.3705
41.5203
41.8379
42.0058
42.1525
42.4718
42.6329
42.7982
42.9525
43.1154
43.2830
43.4283
43.7477
43.9217
44.0734
44.3863
44.5590
44.7054
45.0244
45.1862
45.3516
45.5144
45.6604
45.8360
45.9839
46.2983
46.4727
46.6281
46.9408
47.1119
47.2600
47.5793
47.7379
47.9057
48.0692
48.2132
48.3917
48.5360
48.8500
49.0275
49.1828
49.4928
49.6691
49.8131
50.1332
50.2902
50.4568
50.7673
50.9423
51.0898
51.4060
51.5798
51.7325
52.0463
52.2180
52.3657
52.6835
53.0106
53.1643
53.3208
53.4958
53.6395
53.9606
54.1327
54.2888
54.6031
54.7732
54.9180
55.2387
55.3979
55.5625
55.7283
55.8786
56.0492
56.1939
56.5159
56.6842
56.8398
57.1519
57.3240
57.4729
57.7903
57.9508
58.1174
58.2825
58.4289
58.6021
58.7480
59.0631
59.2394
59.3940
59.7054
59.8799
60.0245
60.3439
60.5047
60.6707
60.9823
61.1543
61.3028
61.6222
61.7926
61.9471
62.2620
62.4345
62.5795
62.8965
63.2177
63.3771
63.5402
63.7084
63.8552
64.1705
64.4947
64.8079
65.1334
65.4466
65.7716
66.0894
66.2624
66.4087
66.7240
67.0486
67.3625
67.6858
68.0053
68.3260
68.6407
68.8169
68.9619
69.2785
69.6026
69.9162
70.2382
70.5548
70.8784
71.1943
71.3703
71.5152
71.8319
72.1531
72.4704
72.7917
73.1087
73.4305
73.7480
73.9237
74.0686
74.3842