0.2146
0.3784
0.5550
0.7322
0.9078
1.0857
1.2790
1.4368
1.6262
1.7897
1.9663
2.1436
2.3199
2.4966
2.6718
2.8498
3.0427
3.2056
3.3787
3.5550
3.7328
3.9074
4.0962
4.2613
4.4517
4.6080
4.7905
4.9684
5.1446
5.3186
5.4972
5.6723
5.8581
6.0259
6.2023
6.3805
6.5554
6.7311
6.9320
7.0839
7.2803
7.4446
7.6144
7.7916
7.9672
8.1438
8.3193
8.4950
8.6845
8.8495
9.0248
9.2023
9.3785
9.5554
9.7428
9.9083
10.0899
10.2620
10.4369
10.6135
10.7902
10.9664
11.1446
11.3206
11.5058
11.6712
11.8491
12.0261
12.2036
12.3780
12.5524
12.7317
12.9225
13.0907
13.2615
13.4396
13.6147
13.7889
13.9672
14.1424
14.3313
14.4935
14.6727
14.8503
15.0252
15.2035
15.3741
15.5532
15.7438
15.9142
16.0842
16.2611
16.4371
16.6150
16.7889
16.9677
17.1537
17.3185
17.4958
17.6721
17.8490
18.0256
18.2275
18.3799
18.5699
18.7403
18.9083
19.0860
19.2623
19.4364
19.6149
19.7902
19.9806
20.1437
20.3201
20.4981
20.6731
20.8484
21.0238
21.2008
21.3741
21.5562
21.7318
21.9092
22.0847
22.2622
22.4337
22.6140
22.8033
22.9664
23.1427
23.3206
23.4962
23.6743
23.8653
24.0250
24.2167
24.3788
24.5553
24.7319
24.9074
25.0857
25.2607
25.4387
25.6305
25.7934
25.9666
26.1442
26.3193
26.4965
26.6838
26.8486
27.0410
27.1979
27.3788
27.5576
27.7315
27.9081
28.0858
28.2605
28.4479
28.6140
28.7900
28.9683
29.1438
29.3200
29.5186
29.6723
29.8712
30.0335
30.2017
30.3791
30.5552
30.7331
30.9083
31.0851
31.2718
31.4369
31.6133
31.7911
31.9667
32.1444
32.3308
32.4950
32.6795
32.8493
33.0259
33.2039
33.3774
33.5558
33.7326
33.9089
34.0959
34.2608
34.4361
34.6165
34.7912
34.9681
35.1409
35.3190
35.5082
35.6793
35.8489
36.0274
36.2013
36.3806
36.5557
36.7308
36.9198
37.0835
37.2605
37.4381
37.6139
37.7917
37.9625
38.1431
38.3327
38.5018
38.6731
38.8493
39.0253
39.2032
39.3794
39.5570
39.7432
39.9068
40.0856
40.2615
40.4389
40.6149
40.8110
40.9673
41.1408
41.3283
41.4972
41.6743
41.8510
42.0260
42.2037
42.3790
42.5688
42.7321
42.9061
43.0863
43.2606
43.4387
43.6135
43.7899
43.9664
44.1386
44.3193
44.4998
44.6732
44.8574
45.0276
45.2026
45.3922
45.5543
45.7312
45.9153
46.0844
46.2744
46.4497
46.6136
46.8037
46.9667
47.1437
47.3266
47.4972
47.6770
47.8592
48.0270
48.2210
48.3815
48.5551
48.7360
48.9084
49.0958
49.2689
49.4373
49.6293
49.7850
49.9664
50.1516
50.3198
50.5009
50.6829
50.8509
51.0369
51.2022
51.3784
51.5631
51.7311
51.9160
52.1035
52.2607
52.4589
52.6243
52.7899
52.9744
53.1434
53.3266
53.5111
53.6738
53.8610
54.0291
54.2027
54.3854
54.5548
54.7424
54.9170
55.0837
55.2707
55.4387
55.6140
55.7957
55.9673
56.1464
56.3334
56.4979
56.6855
56.8501
57.0256
57.2101
57.3784
57.5634
57.7265
57.9077
58.0982
58.2659
58.4372
58.6212
58.7910
58.9720
59.1548
59.3222
59.5091
59.6715
59.8490
60.0327
60.2022
60.3925
60.5482
60.7311
60.9250
61.0905
61.2613
61.4438
61.6137
61.7965
61.9814
62.1444
62.3320
62.4957
62.6729
62.8562
63.0260
63.2084
63.3991
63.5551
63.7466
63.9159
64.0849
64.2654
64.4386
64.6203
64.7998
64.9665
65.1574
65.3226
65.4957
65.6806
65.8491
66.0255
66.1975
66.3783
66.5517
66.7428
66.9076
67.0919
67.2611
67.4390
67.6152
68.6944