0.0000
0.4603
0.9858
1.3429
1.6864
1.8662
2.2278
2.5669
3.2807
3.8204
4.1694
4.5245
4.6812
5.0470
5.4027
6.1092
6.6209
6.9966
7.3404
7.5095
7.8688
8.2227
8.9346
9.4485
9.6272
9.8172
10.1721
10.3451
10.6986
11.0423
11.2341
11.3971
11.5853
11.7533
11.9410
12.1050
12.2914
12.4534
12.6473
12.8075
12.9960
13.1642
13.3526
13.5141
13.6975
13.8646
14.0574
14.2182
14.4095
14.5760
14.7641
14.9264
15.1164
15.2778
15.4731
15.6292
15.8203
15.9885
16.1761
16.3382
16.5243
16.6884
16.8839
17.0429
17.2332
17.4004
17.5907
17.7473
17.9413
18.1016
18.2954
18.4539
18.6478
18.8121
19.0027
19.1660
19.3454
19.5125
19.7059
19.8664
20.0576
20.2231
20.4126
20.5706
20.7628
20.9234
21.1220
21.2774
21.4723
21.6342
21.8261
21.9863
22.1695
22.3359
22.5301
22.6881
22.8801
23.0479
23.2353
23.3961
23.5871
23.7486
23.9427
24.1039
24.2921
24.4596
24.6490
24.8086
24.9880
25.1602
25.3525
25.5146
25.7037
25.8705
26.0607
26.2229
26.4106
26.5713
26.7668
26.9256
27.1173
27.2814
27.4718
27.6341
27.8161
27.9840
28.1777
28.3362
28.5284
28.6956
28.8828
29.0411
29.2355
29.3965
29.5924
29.7479
29.9399
30.1074
30.2953
30.4569
30.6363
30.8060
30.9955
31.1583
31.3494
31.5181
31.7037
31.8660
32.0544
32.2199
32.4115
32.5707
32.7614
32.9299
33.1174
33.2783
33.4639
33.6306
33.8196
33.9887
34.1778
34.3405
34.5314
34.6922
34.8793
35.0415
35.2337
35.3954
35.5822
35.7506
35.9384
36.1032
36.2855
36.4522
36.6441
36.8055
36.9920
37.1614
37.3478
37.5135
37.7000
37.8634
38.0545
38.2162
38.4032
38.5764
38.7585
38.9249
39.1112
39.2787
39.4666
39.6282
39.8191
39.9876
40.1732
40.3355
40.5225
40.6892
40.8807
41.0418
41.2293
41.4000
41.5896
41.7522
41.9329
42.1001
42.2920
42.4540
42.6409
42.8135
42.9960
43.1603
43.3480
43.5114
43.7039
43.8650
44.0559
44.2250
44.4129
44.5736
44.7591
44.9233
45.1146
45.2754
45.4668
45.6360
45.8208
45.9834
46.1695
46.3367
46.5295
46.6912
46.8781
47.0468
47.2369
47.4002
47.5810
47.7483
47.9406
48.1020
48.2905
48.4593
48.6483
48.8054
48.9946
49.1590
49.3503
49.5130
49.7044
49.8671
50.0572
50.2166
50.4026
50.5723
50.7603
50.9240
51.1142
51.2833
51.4700
51.6314
51.8203
51.9824
52.1786
52.3361
52.5274
52.6951
52.8845
53.0476
53.2264
53.3931
53.5877
53.7466
53.9377
54.1058
54.2936
54.4541
54.6451
54.8070
55.0014
55.1603
55.3542
55.5179
55.7085
55.8696
56.0561
56.2184