0.2004
0.4040
0.8095
1.2120
1.6191
2.0262
2.2081
2.4209
2.6150
2.8180
3.0197
3.2225
3.4254
3.6279
3.8313
4.0486
4.2361
4.4391
4.6402
4.8446
5.0684
5.4527
5.6700
5.8579
6.0619
6.2639
6.4673
6.6887
6.8707
7.0738
7.2916
7.4795
7.6829
7.8842
8.0873
8.2918
8.5120
8.6954
8.9066
9.1012
9.3039
9.5072
9.7078
9.9103
10.1152
10.3179
10.5369
10.7234
10.9263
11.1288
11.3321
11.5530
11.9381
12.1563
12.3446
12.5472
12.7491
12.9521
13.1762
13.3587
13.5614
13.7774
13.9661
14.1684
14.3717
14.5757
14.7810
14.9973
15.1823
15.3918
15.5885
15.7912
15.9935
16.1965
16.3995
16.6010
16.8036
17.0217
17.2097
17.4123
17.6140
17.8168
18.0395
18.4264
18.6419
18.8309
19.0335
19.2379
19.4405
19.6627
19.8447
20.0474
20.2663
20.4528
20.6564
20.8581
21.0611
21.2652
21.4849
21.6690
21.8782
22.0739
22.2766
22.4802
22.6826
22.8854
23.0868
23.2909
23.5089
23.6961
23.8978
24.1026
24.3035
24.5278
24.9118
25.1288
25.3178
25.5200
25.7235
25.9268
26.1490
26.5328
26.7522
26.9385
27.1416
27.3444
27.5471
27.7517
27.9705
28.1556
28.3649
28.5599
28.7630
28.9679
29.1709
29.3709
29.5744
29.7769
29.9961
30.1823
30.3849
30.5887
30.7907
31.0138
31.3980
31.6156
31.8034
32.0060
32.2093
32.4119
32.6367
33.0203
33.2387
33.4251
33.6280
33.8327
34.0335
34.2383
34.4563
34.6416
34.8516
35.0476
35.2500
35.4532
35.6565
35.8594
36.0592
36.2630
36.4820
36.6682
36.8711
37.0742
37.2772
37.4994
37.8848
38.1014
38.2908
38.4935
38.6975
38.8986
39.1226
39.5061
39.7254
39.9114
40.1149
40.3177
40.5204
40.7251
40.9430
41.1287
41.3388
41.5341
41.7364
41.9401
42.1417
42.3437
42.5486
42.7499
42.9685
43.1554
43.3586
43.5621
43.7628
43.9867
44.3709
44.5892
44.7766
44.9796
45.1824
45.3855
45.6077
45.7915
45.9934
46.2112
46.3974
46.6006
46.8030
47.0083
47.2091
47.4132
47.6148
47.8378
48.0223
48.2223
48.4319
48.6388
48.8307
49.0548
49.2361
49.4663
49.6465
49.8442
50.0563
50.2501
50.4600
50.6728
50.8574
51.0776
51.2647
51.4655
51.6749
51.8818
52.0740
52.2965
52.4791
52.7088
52.8922
53.0879
53.2973
53.4923
53.7043
53.9151
54.1005
54.3289
54.5116
54.7087
54.9213
55.1210
55.3177
55.5408
55.7209
55.9507
56.1322
56.3302
56.5436
56.7358
56.9476
57.1591
57.3444
57.5606
57.7466
57.9524
58.1620
58.3661
58.5602
58.7791
58.9657
59.1871
59.3719
59.5738
59.7837
59.9799
60.1902
60.4009
60.5870
60.8111
60.9957
61.1955
61.4046
61.6113
61.8041
62.0299
62.4392
62.6189
62.8177
63.0266
63.2226
63.4349
63.6448
63.8299
64.0506
64.2373
64.4389
64.6480
64.8546
65.0475
65.2697
65.4529
65.6819
65.8657
66.0602
66.2706
66.4663
66.6776
66.8885
67.0742
67.3017
67.4843
67.6820
67.8938
68.0976
68.2902
68.5136
68.6948
68.9240
69.1061
69.3035
69.5154
69.7093
69.9207
70.1316
70.3176
70.5352
70.7202
70.9251
71.1357
71.3398
71.5329
71.7529
71.9393
72.1608
72.3470
72.5471
72.7579
73.1627
73.3728
76.0046
76.2073
76.4098
76.6090