0.1183
0.3162
0.5184
0.7170
0.9172
1.1161
1.3159
1.5176
1.7168
1.9175
2.1172
2.3172
2.5174
2.7171
2.9155
3.1159
3.3173
3.5163
3.7180
3.9163
4.1170
4.3154
4.5162
4.7179
4.9159
5.1168
5.3187
5.5171
5.7164
5.9168
6.1160
6.3166
6.5184
6.7171
6.9175
7.1162
7.3171
7.5177
7.7173
7.9180
8.1169
8.3163
8.5186
8.7167
8.9183
9.1157
9.3170
9.5164
9.7191
9.9170
10.1171
10.3165
10.5167
10.7176
10.9162
11.1185
11.3162
11.5169
11.7169
11.9163
12.1169
12.3165
12.5174
12.7176
12.9186
13.1165
13.3187
13.5165
13.7170
13.9164
14.1157
14.3188
14.5162
14.7178
14.9183
15.1165
15.3178
15.5179
15.7157
16.1174
16.3168
16.5180
16.7162
16.9173
17.1157
17.3158
17.5185
17.7156
17.9173
18.1176
18.3173
18.5163
18.7171
18.9166
19.1177
19.3179
19.5178
19.7177
19.9156
20.1169
20.3161
20.5170
20.7181
20.9154
21.1173
21.3184
21.5167
21.7185
21.9157
22.1151
22.3163
22.5171
22.7173
22.9178
23.1165
23.3162
23.5175
23.7162
23.9195
24.1162
24.3160
24.5167
24.7165
24.9171
25.1160
25.3160
25.5169
25.7189
25.9167
26.1181
26.3166
26.5163
26.7166
26.9159
27.1189
27.3158
27.5177
27.7185
27.9166
28.1179
28.3181
28.5158
28.9176
29.1163
29.3186
29.5162
29.7172
29.9158
30.1173
30.3176
30.5160
30.7175
30.9179
31.1173
31.3165
31.5169
31.7164
31.9178
32.1183
32.3180
32.5182
32.7161
32.9164
33.1173
33.3170
33.5191
33.7161
33.9169
34.1186
34.3171
34.5185
34.7152
34.9156
35.1162
35.3152
35.5179
35.7179
35.9191
36.1172
36.3210
36.5222
36.7184
36.9188