1.4054
3.1817
4.5633
5.0719
5.3528
5.9450
6.3400
6.5613
6.7347
6.9489
7.1377
7.3426
7.5239
7.7224
7.9149
8.1164
8.3136
8.5231
8.7164
8.9177
9.1032
9.3133
9.4977
9.7129
9.8925
10.1071
10.2955
10.5022
10.6817
10.8798
11.0790
11.2741
11.4714
11.6834
11.8746
12.0815
12.2613
12.4765
12.6558
12.8668
13.0503
13.2597
13.4534
13.6542
13.8396
14.0372
14.2355
14.4323
14.6292
14.8441
15.0325
15.2390
15.4260
15.6346
15.8135
16.0289
16.2085
16.4229
16.6112
16.8183
16.9975
17.1960
17.3931
17.5900
17.7874
17.9966
18.1897
18.3935
18.5842
18.7895
18.9717
19.1814
19.3663
19.5749
19.7692
19.9702
20.1554
20.3537
20.5509
20.7479
20.9450
21.1544
21.3484
21.5554
21.7419
21.9499
22.1293
22.3448
22.5240
22.7390
22.9270
23.1339
23.3133
23.5108
23.7093
23.9059
24.1031
24.3143
24.5062
24.7129
24.8936
25.1080
25.2877
25.5027
25.6822
25.8967
26.0851
26.2919
26.4714
26.6694
26.8668
27.0638
27.2608
27.4702
27.6641
27.8690
28.0506
28.2618
28.4454
28.6554
28.8401
29.0487
29.2428
29.4442
29.6293
29.8278
30.0250
30.2217
30.4189
30.6282
30.8134
31.0111
31.2086
31.4057
31.6036
31.8218
31.9997
32.2125
32.3942
32.6031
32.7892
32.9861
33.1773
33.3812
33.5789
33.7866
33.9731
34.1815
34.3684
34.5765
34.7630
34.9723
35.1578
35.3711
35.5526
35.7660
35.9469
36.1445
36.3404
36.5391
36.7367
36.9504
37.1311
37.3452
37.5263
37.7398
37.9207
38.1288
38.3155
38.5239
38.7107
38.9183
39.1047
39.3020
39.4981
39.6973
39.8944
40.1091
40.2887
40.5036
40.6843
40.9002
41.0788
41.2923
41.4736
41.6866
41.8682
42.0797
42.2629
42.4604
42.6557
42.8547
43.0524
43.2659
43.4467
43.6606
43.8419
44.0528
44.2367
44.4446
44.6308
44.8391
45.0259
45.2340
45.4205
45.6182
45.8091
46.0129
46.2105
46.4237
46.6048
46.8188
46.9995
47.2127
47.3941
47.6081
47.7892
48.0028
48.1840
48.3976
48.5789
48.7757
48.9724
49.1709
49.3680
49.5822
49.7626
49.9769
50.1577
50.3714
50.5521
50.7638
50.9468
51.1592
51.3419
51.5550
51.7363
51.9337
52.1295
52.3286
52.5259
52.7354
52.9199
53.1343
53.3157
53.5247
53.7102
53.9182
54.1046
54.3129
54.4998
54.7077
54.8947
55.0914
55.2868
55.4860
55.6839
55.8912
56.0790
56.2758
56.4735
56.6704
56.8680
57.0842
57.2630
57.4767
57.6577
57.8666
58.0517
58.2493
58.4403
58.6440
58.8422
59.0499
59.2363
59.4448
59.6316
59.8398
60.0262
60.2356
60.4207
60.6346
60.8158
61.0294
61.2104
61.4075
61.6048
61.8024
62.0000
62.2138
62.3943
62.6087
62.7891
63.0031
63.1840
63.3926
63.5786
63.7871
63.9735
64.1817
64.3683
64.5655
64.7617
64.9604
65.1577
65.3722
65.5524
65.7667
65.9473
66.1630
66.3420
66.5558
66.7364
66.9505
67.1316
67.3429
67.5260
67.7235
67.9197
68.1181
68.3156
68.5291
68.7098
68.9221
69.1049