0.3606
0.5371
0.7091
1.0464
1.2186
1.3901
1.5599
1.7311
2.0756
2.2420
2.4209
2.5878
2.7529
2.9455
3.1014
3.2717
3.4426
3.6140
3.7985
3.9458
4.1165
4.2869
4.4654
4.6453
4.8058
4.9697
5.1466
5.3096
5.4817
5.6692
5.8236
5.9918
6.1696
6.3471
6.5032
6.6728
6.8444
7.0136
7.1880
7.3676
7.5325
7.6965
7.8671
8.0369
8.2048
8.3932
8.5465
8.7204
8.8968
9.0701
9.2315
9.4000
9.5710
9.7416
9.9129
10.0962
10.2607
10.4237
10.5977
10.7635
10.9374
11.1251
11.2806
11.4487
11.6250
11.7982
11.9598
12.1280
12.2972
12.4707
12.6394
12.8249
12.9846
13.1578
13.3238
13.5024
13.6617
13.8479
14.0031
14.1781
14.3527
14.5255
14.6823
14.8562
15.0247
15.1980
15.3674
15.5524
15.7137
15.8782
16.0538
16.2201
16.3897
16.5817
16.7373
16.9007
17.0799
17.2539
17.4104
17.5839
17.7526
17.9278
18.0938
18.2814
18.4393
18.6061
18.7747
18.9465
19.1172
19.3044
19.4595
19.6277
19.8063
19.9822
20.1384
20.3097
20.4807
20.6503
20.8241
21.0044
21.1685
21.3331
21.5025
21.6717
21.8423
22.0327
22.1882
22.3562
22.5317
22.7058
22.8673
23.0368
23.2090
23.3831
23.5462
23.7331
23.8954
24.0602
24.2312
24.4011
24.5687
24.7583
24.9108
25.0846
25.2611
25.4335
25.5955
25.7644
25.9342
26.1062
26.2750
26.4600
26.6239
26.7875
26.9547
27.1288
27.2978
27.4790
27.6330
27.8132
27.9889
28.1616
28.3179
28.4926
28.6609
28.8343
29.0034
29.1883
29.3520
29.5149
29.6883
29.8567
30.0249
30.2145
30.3675
30.5413
30.7164
30.8903
31.0522
31.2203
31.3885
31.5632
31.7318
31.9174
32.0798
32.2426
32.4161
32.5825
32.7524
32.9455
33.0975
33.2639
33.4432
33.6237
33.7809
33.9469
34.1177
34.2881
34.4606
34.6426
34.8048
34.9734
35.1456
35.3159
35.4815
35.6756
35.8300
35.9922
36.1693
36.3522
36.5098
36.6725
36.8450
37.0138
37.1936
37.3680
37.5327
37.6960
37.8673
38.0367
38.2102
38.3911
38.5468
38.7202
38.8970
39.0691
39.2256
39.4006
39.5710
39.7419
39.9052
40.0961
40.2602
40.4234
40.5902
40.7648
40.9335
41.1182
41.2701
41.4490
41.6251
41.8031
41.9601
42.1284
42.2970
42.4700
42.6395
42.8244
42.9886
43.1508
43.3175
43.4917
43.6604
43.8475
44.0035
44.1775
44.3526
44.5264
44.6883
44.8561
45.0249
45.1987
45.3681
45.5532
45.7130
45.8794
46.0547
46.2212
46.3892
46.5753
46.7344
46.9084
47.0782
47.2541
47.4359
47.5816
47.7533
47.9309
48.1012
48.4419
48.6058
48.7866
48.9462
49.1173
49.3031
49.4601
49.6295
49.8057
49.9857
50.1427
50.3098
50.4798
50.6582
50.8235
51.1693
51.3327
51.5031
51.6734
51.8438
52.0250
52.1837
52.3585
52.5332
52.7106
52.8662
53.0371
53.2078
53.3858
53.5473
53.8972
54.0598
54.2324
54.4013
54.5712
54.7559
54.9147
55.0862
55.2603
55.4389
55.5950
55.7645
55.9345
56.1134
56.2739
56.6242
56.7928
56.9638
57.1399
57.2981
57.4782
57.6372
57.8113
57.9878
58.1629
58.3206
58.4922
58.6622
58.8399
59.0024
59.3516
59.5151
59.6918
59.8551
60.0264
60.2122
60.3698
60.5389
60.7152
60.8915
61.0493
61.2187
61.3897
61.5679
61.7269
62.0790
62.2419
62.4110
62.5822
62.7538
62.9351
63.0935
63.2676
63.4426
63.6185
63.7769
63.9460
64.1176
64.2945
64.4597
64.8052
64.9698
65.1388
65.3096
65.4810
65.6649
65.8223
65.9932
66.1696
66.3461
66.5026
66.6735
66.8441
67.0226
67.1783
67.5340
67.6962