0.1421
0.3110
0.4836
0.6525
0.9931
1.3335
1.5134
1.6797
2.0184
2.1866
2.3557
2.7019
2.8684
3.0388
3.2094
3.3794
3.7193
4.0616
4.2445
4.4050
4.5738
4.7449
4.9151
5.0821
5.4293
5.5965
5.7660
5.9376
6.1064
6.4452
6.7887
6.9697
7.1313
7.4722
7.6424
7.8100
8.1552
8.3234
8.4924
8.6646
8.8340
9.1738
9.3500
9.5140
9.8577
10.0275
10.2009
10.3695
10.5376
10.7127
10.8849
11.0498
11.2207
11.3933
11.5623
11.9017
12.2435
12.5865
12.9267
13.0954
13.2657
13.6101
13.7779
13.9480
14.1189
14.2887
14.6297
14.9695
15.1521
15.3128
15.4846
15.6542
15.8234
15.9924
16.3354
16.5048
16.6754
16.8473
17.0168
17.3559
17.6974
17.8799
18.0410
18.3815
18.5509
18.7205
19.0654
19.2313
19.4027
19.5738
19.7435
20.0817
20.4248
20.7665
20.9382
21.1124
21.2788
21.4464
21.7936
21.9608
22.3015
22.4708
22.8101
23.1519
23.4950
23.8365
24.0057
24.1736
24.5188
24.6865
24.8563
25.0281
25.1974
25.5372
25.8805
26.0622
26.2230
26.3904
26.5628
26.7327
26.9015
27.2454
27.4146
27.5841
27.7558
27.9248
28.2650
28.6063
28.7903
28.9496
29.1217
29.2899
29.4595
29.6295
29.9744
30.1415
30.3113
30.4828
30.6522
30.9925