0.3517
0.6969
0.8803
1.0459
1.2264
1.4012
1.7629
1.9333
2.1085
2.2833
2.4628
2.8165
2.9898
3.1739
3.3421
3.5275
3.7003
3.8723
4.2249
4.5848
4.7547
4.9437
5.1072
5.2838
5.6381
5.9973
6.1660
6.3424
6.6960
6.8714
7.0489
7.4101
7.5784
7.7559
7.9315
8.1061
8.4610
8.6385
8.8211
8.9897
9.1659
9.5224
9.6964
9.8722
10.2318
10.4018
10.5891
10.7543
10.9320
11.2863
11.6429
11.8126
11.9898
12.3441
12.5195
12.6950
13.0568
13.2258
13.4026
13.5773
13.7536
14.1083
14.2835
14.4680
14.6368
14.8180
15.1696
15.3419
15.5193
15.8792
16.0488
16.2365
16.4014
16.5795
16.9349
17.2909
17.4603
17.6366
17.9913
18.1669
18.3424
18.7020
18.8722
19.0489
19.2246
19.4010
19.7565
19.9311
20.1159
20.2844
20.4603
20.8148
20.9899
21.1660
21.5266
21.6954
21.8849
22.0492
22.2242
22.5795
22.9386
23.1079
23.2827
23.6397
23.8132
23.9895
24.3495
24.5188
24.6963
24.8716
25.0498
25.2315
25.4015
25.5859
25.7552
25.9423
26.1070
26.2889
26.4612
26.6367
26.8146
26.9897
27.1714
27.3437
27.5171
27.6961
27.8715
28.0480
28.2247
28.4006
28.5856
28.7540
28.9358
29.1088
29.2827
29.4616
29.6355
29.8154
29.9967
30.1682
30.3432
30.5179
30.6977
30.8725
31.0471
31.2256
31.4085
31.5776
31.7610
31.9346
32.1087
32.2832
32.4628
32.6370
32.8187
32.9914
33.1647
33.3422
33.5192
33.6946
33.8729
34.0474
34.2333
34.4019
34.5833
34.7561
34.9299
35.1071
35.2838
35.4605
35.6446
35.8134
35.9897
36.1654
36.3402
36.5187
36.6940
36.8748
37.0562
37.2236
37.4099
37.5774
37.7534
37.9313
38.1110
38.2862
38.4667
38.6399
38.8134
38.9895
39.1679
39.3427
39.5184
39.6958
39.8785
40.0503
40.2313
40.4041
40.5784
40.7542
40.9326
41.1088
41.2895
41.4612
41.6353
41.8149
41.9893
42.1656
42.3431
42.5200
42.7033
42.8715
43.0534
43.2257
43.4010
43.5774
43.7540
43.9316
44.1144
44.2850
44.4612
44.6368
44.8144
44.9904
45.1654
45.3440
45.5286
45.6985
45.8772
46.0505
46.2263
46.4016
46.5808
46.7556
46.9373
47.1091
47.2831
47.4596
47.6374
47.8121
47.9922
48.3500
48.5202
48.7032
48.8741
49.0488
49.2243
49.4051
49.7610
49.9350
50.1072
50.2848
50.4599
50.6374
50.8185
51.1742
51.3472
51.5204
51.6966
51.8720
52.0492
52.2300
52.5843
52.7588
52.9316
53.1073
53.2857
53.4605
53.6407
53.9975
54.1706
54.3419
54.5216
54.6960
54.8720
55.0519
55.4073
55.5822
55.7539
55.9325
56.1073
56.2832
56.4660
56.8213
56.9940
57.1690
57.3443
57.5179
57.6955
57.8774
58.0478
58.2327
58.4060
58.5795
58.7545
58.9302
59.1080
59.2885
59.6442
59.8167
59.9911
60.1683
60.3436
60.5192
60.6993
61.0551
61.2276
61.4009
61.5794
61.7554
61.9307
62.1100
62.4687
62.6408
62.8171
62.9922
63.1654
63.3422
63.5240
63.8795
64.0527
64.2247
64.4022
64.5774
64.7550
64.9366
65.1069
65.2909
65.4648
65.6383
65.8149
65.9907
66.1666
66.3477
66.7021
66.8764
67.0492
67.2247
67.4030
67.5780
67.7582
67.9331
68.1180
68.2880
68.4596
68.6382
68.8133
68.9895
69.1687
69.3427
69.5265
69.7002
69.8700
70.0490
70.2249
70.4005
70.5784
70.7544
70.9386
71.1107
71.2915
71.4639
72.1679
72.5202
72.8739
73.2270
73.4017
73.5806