0.0647
0.1288
0.4827
0.8378
1.1920
1.3664
1.5424
1.8945
2.2002
2.6020
2.7820
2.9544
3.3054
3.6597
4.0119
4.1892
4.3669
4.6185
4.6949
4.8939
5.0704
5.3970
5.6117
5.7777
6.1312
6.4862
6.8399
7.0137
7.1891
7.3992
7.5417
7.7364
7.7944
7.8515
8.2479
8.6005
8.9526
9.3072
9.6594
9.8365
10.0150
10.2197
10.3370
10.5402
10.7182
11.0706
11.2612
11.3588
11.4258
11.7777
12.1294
12.4846
12.6599
12.8370
13.1902
13.3906
13.4478
13.5000
13.8928
14.2471
14.6008
14.9554
15.3037
15.4837
15.6603
15.9862
16.1862
16.3665
16.5422
16.7206
16.9024
17.0712
17.4242
17.7784
18.1331
18.3061
18.4848
18.8393
19.1918
19.5420
19.8965
20.2487
20.6034
20.9524
21.1307
21.3079
21.6622
21.8354
22.0149
22.3651
22.7196
23.0713
23.4263
23.7807
23.9540
24.1327
24.4854
24.8372
25.1898
25.5438
25.8950
26.2487
26.5998
26.7773
26.9556
27.3092
27.4818
27.6599
28.0136
28.3668
28.7191
29.0741
29.4282
29.5998
29.7784
30.1327
30.4851
30.8363
31.1906
31.5421
31.8967
32.2481
32.4234
32.6025
32.9573
33.1293
33.3084
33.6594
34.0139
34.3667
34.7218
35.0760
35.2473
35.4258
35.7798
36.1324
36.4831
36.8371
37.1888
37.5440
37.8959
38.0712
38.2500
38.4293
38.6022
38.7767
38.9525