0.0571
0.1896
0.3623
0.5373
0.7093
0.8849
1.0635
1.2379
1.4155
1.6000
1.7703
1.9459
2.1203
2.2981
2.4800
2.6553
2.8273
3.0112
3.1843
3.3611
3.5315
3.7098
3.8859
4.0609
4.2390
4.4237
4.5934
4.7672
4.9441
5.1212
5.3025
5.4761
5.6506
5.8363
6.0078
6.1842
6.3576
6.5321
6.7121
6.8854
7.0617
7.2387
7.4144
7.5924
7.7681
7.9429
8.1213
8.3042
8.6499
8.8246
9.0047
9.3556
9.5412
9.8944
10.0609
10.4216
10.7682
10.9434
11.1298
11.4741
11.6504
11.8269
12.1806
12.3629
12.7172
12.8864
13.2461
13.5910
13.7686
13.9516
14.2976
14.4730
14.6510
15.0029
15.1880
15.5406
15.7086
16.0690
16.4146
16.5909
16.7754
17.1197
17.2985
17.4748
17.8271
18.0092
18.5308
18.8890
19.2383
19.4217
19.5961
19.7738
19.9533
20.1214
20.2982
20.4776
20.6506
20.8312
21.0040
21.1788
21.3646
21.7083
21.8863
22.0611
22.2468
22.4198
22.5947
22.7762
22.9439
23.1210
23.3010
23.4733
23.6548
23.8261
24.0048
24.1870
24.5334
24.7090
24.8861
25.0695
25.2437
25.4163
25.5987
25.7695
25.9454
26.1222
26.2970
26.4812
26.6507
26.8264
27.0110
27.3542
27.5330
27.7079
27.8854
28.0712
28.2410
28.4163
28.5912
28.7676
28.9438
29.1207
29.2987
29.4729
29.6506
29.8269
30.0017
30.1807
30.3550
30.5329
30.7102
30.8898
31.0652
31.2376
31.4183
31.5917
31.7656
31.9461
32.1213
32.2962
32.4744
32.6567
32.8290
33.0032
33.1781
33.3565
33.5330
33.7114
33.8908
34.0609
34.2396
34.4141
34.5915
34.7678
34.9476
35.1215
35.2970
35.4816
35.6507
35.8256
36.0038
36.1785
36.3584
36.5333
36.7122
36.8854
37.0633
37.2404
37.4135
37.5912
37.7686
37.9427
38.1217
38.3047
38.4772
38.6510
38.8261
39.0044
39.1792
39.3593
39.5363
39.7073
39.8878
40.0622
40.2355
40.4160
40.5930
40.7683
40.9442
41.1271
41.2989
41.4725
41.6502
41.8266
42.0066
42.1804
42.3625
42.5332
42.7092
42.8887
43.0612
43.2379
43.4170
43.5913
43.7667
43.9518
44.1221
44.2979
44.4735
44.6510
44.8279
45.0060
45.1831
45.3554
45.5361
45.7094
45.8834
46.0626
46.2388
46.4145
46.5922
46.7744
46.9467
47.1207
47.2964
47.4743
47.6510
47.8289
48.0033
48.1779
48.3577
48.5370
48.7089
48.8860
49.0653
49.2390
49.4147
49.5996
49.7685
49.9435
50.1218
50.2966
50.4759
50.6499
50.8325
51.0032
51.1805
51.3582
51.5313
51.7085
51.8862
52.0609
52.2397
52.4137
52.5904
52.7682
52.9430
53.1218
53.3031
53.4767
53.6494
53.8259
54.0068
54.1882
54.3562
54.5311
54.7139
54.8834
55.0644
55.2458
55.4194
55.5909
55.7695
55.9440
56.1250
56.3002
56.4748
56.6496
56.8310
57.0121
57.1799
57.3564
57.5358
57.7037
57.8853
58.0647
58.2413
58.4152
58.5914
58.7683
58.9485
59.1236
59.2963
59.4732
59.6538
59.8323
60.0034
60.1792
60.3608
60.5311
60.7107
60.8924
61.0666
61.2382
61.4142
61.5918
61.7733
61.9493
62.1222
62.2970
62.4767
62.6600
62.8264
63.1839
63.3540
63.5343
63.7158
63.8902
64.0616
64.2396
64.4146
64.5941
64.7707
64.9445
65.1209
65.3020
65.4785
65.6506
65.8263
66.0066
66.1758
66.3559
66.5387
66.7139
66.8866
67.0610
67.2400
67.4174
67.5925
67.9437
68.1245
68.3042
68.4729
68.6508
68.8298
69.0002
69.1803
69.3630
69.5370
69.7080
69.8866
70.0618
70.2431
70.4195
70.6018
70.7675
70.9475
71.1246
71.2967
71.4738
71.6544
71.8247
72.0044
72.1870
72.3615
72.5341
72.7095
72.8845
73.0661
73.2417
73.5909
73.7704
73.9483
74.1269
74.2975
74.4738
74.6503
74.8278
75.0022
75.1794
75.3566
75.5321
75.7136