3.0237
6.0252
6.2123
6.5892
6.7837
6.9676
7.1523
7.5240
7.7154
8.0871
8.2834
8.4646
8.6503
8.8423
9.0261
9.2136
9.5911
9.7844
9.9627
10.1544
10.5245
10.7131
11.0881
11.2826
11.4664
11.6510
11.8375
12.0232
12.2151
12.5923
12.7845
12.9644
13.1498
13.5254
13.7122
14.0889
14.2836
14.4674
14.6524
14.8379
15.0237
15.2163
15.5873
15.7822
15.9650
16.1500
16.5253
16.7133
17.0911
17.2842
17.4629
17.6483
17.8396
18.0246
18.2121
18.5886
18.7824
18.9658
19.1517
19.5231
19.7143
20.0863
20.2840
20.4637
20.6494
20.8411
21.0252
21.2126
21.3987
21.5895
21.7749
21.9654
22.1516
22.3387
22.5239
22.7162
22.9008
23.0873
23.2732
23.4648
23.6502
23.8364
24.0257
24.2145
24.3997
24.5913
24.7841
24.9631
25.1483
25.3383
25.5250
25.7114
25.9014
26.0893
26.2825
26.4652
26.6519
26.8384
27.0246
27.2156
27.4010
27.5885
27.7826
27.9644
28.1497
28.3378
28.5268
28.7124
28.8982
29.0905
29.2834
29.4676
29.6534
29.8390
30.0246
30.2164
30.4015
30.5881
30.7823
30.9654
31.1505
31.3374
31.5258
31.7137
31.8993
32.0913
32.2837
32.4646
32.6545
32.8400
33.0250
33.2148
33.4017
33.5890
33.7828
33.9665
34.1511
34.3369
34.5238
34.7144
34.9000
35.0874
35.2839
35.4643
35.6495
35.8412
36.0256
36.2140
36.4007
36.5903
36.7835
36.9655
37.1527
37.3374
37.5243
37.7164
37.9006
38.0890
38.2822
38.4654
38.6510
38.8368
39.0266
39.2145
39.4000
39.5897
39.7839
39.9638
40.1549
40.3391
40.5263
40.7168
40.9015
41.0890
41.2813
41.4668
41.6519
41.8386
42.0241
42.2155
42.4010
42.5873
42.7834
42.9643
43.1494
43.3376
43.5271
43.7127
43.8992
44.0905
44.2834
44.4624
44.6532
44.8392
45.0242
45.2166
45.4022
45.5882
45.7745
45.9650
46.1502
46.3364
46.5250
46.7136
46.8990
47.0897
47.2755
47.4625
47.6482
47.8397
48.0248
48.2122
48.4008
48.5894
48.7757
48.9628
49.1509
49.3386
49.5255
49.7142
49.9009
50.0870
50.2774
50.4644
50.6539
50.8397
51.0255
51.2136
51.4010
51.5881
51.7764
51.9629
52.1508
52.3378
52.5261
52.7126
52.9007
53.0879
53.2759
53.4658
53.6523
53.8403
54.0256
54.2142
54.4008
54.5877
54.7773
54.9633
55.1505
55.3380
55.5268
55.7117
55.9004
56.0891
56.2764
56.4668
56.6529
56.8397
57.0255
57.2139
57.4011
57.5886
57.7773
57.9643
58.1516
58.3382
58.5273
58.7122
58.9009
59.0896
59.2762
59.4673
59.6543
59.8402
60.0258
60.2141
60.4009
60.5887
60.7760
60.9652
61.1517
61.3381
61.5260
61.7137
61.9011
62.0870
62.2772
62.4660
62.6549
62.8409
63.0261
63.2131
63.4007
63.5892
63.7761
63.9642
64.1517
64.3384
64.5255
64.7146
64.9012
65.0878
65.2783
65.4654
65.6539
65.8407
66.0267
66.2138
66.4010
66.5888
66.7762
66.9628
67.1504
67.3384
67.5260
67.7144
67.9008
68.0878
68.2758
68.4657
68.6539
68.8400
69.0258
69.2142
69.4012
69.5871
69.7769
69.9634
70.1516
70.3379
70.5267
70.7120
70.9004
71.0892
71.2760
71.4669
71.6537
71.8398