0.2106
0.8771
1.5386
1.8640
2.0341
2.2029
2.3663
2.5321
2.6996
2.8679
3.0336
3.2002
3.3685
3.5340
3.7000
3.8669
4.0348
4.2007
4.3674
4.5331
4.7005
4.8666
5.0326
5.2007
5.3652
5.5338
5.6998
5.8664
6.0339
6.2009
6.3659
6.5336
6.7000
6.8675
7.0331
7.1998
7.3683
7.5337
7.6998
7.8667
8.0354
8.2000
8.3673
8.5347
8.7029
8.8669
9.2015
9.3662
9.5340
9.7016
9.8665
10.0338
10.2009
10.3670
10.5330
10.6998
10.8676
11.0337
11.2001
11.3681
11.5337
11.7000
11.8669
12.0351
12.2003
12.3676
12.5329
12.7018
12.8672
13.0335
13.2015
13.3668
13.5340
13.7010
13.8661
14.0338
14.2009
14.3661
14.5327
14.7002
14.8665
15.0337
15.2000
15.3680
15.5331
15.7001
15.8672
16.0347
16.1998
16.3669
16.5326
16.7026
16.8667
17.0333
17.2014
17.3663
17.5335
17.7010
17.8661
18.0338
18.2008
18.3663
18.5323
18.7028
18.8665
19.0332
19.1995
19.3680
19.5345
19.8667
20.0347
20.2002
20.3673
20.5334
20.7018
20.8667
21.0336
21.2012
21.3668
21.5338
21.7011
21.8659
22.0340
22.2004
22.3663
22.5349
22.6999
22.8674
23.0340
23.2000
23.3671
23.5329
23.6998
23.8663
24.0340
24.1998
24.3681
24.5339
24.7022
24.8664
25.0334
25.2007
25.3690
25.5332
25.7009
25.8663
26.0347
26.1999
26.3668
26.5337
26.6998
26.8668
27.0349
27.1998
27.3668
27.5344
27.6995
27.8662
28.0339
28.1998
28.3665
28.5333
28.7021
28.8664
29.0334
29.2006
29.3689
29.5332
29.7005
29.8680
30.0365
30.2010
30.3666
30.5354
30.6998
30.8667
31.0349
31.1998
31.3674
31.5341
31.6994
31.8658
32.0336
32.2005
32.3671
32.5334
32.7015
32.8666
33.0332
33.2004
33.3686
33.5331
33.7008
33.8667
34.0356
34.2001
34.3670
34.5350
34.7003
34.8671
35.0350
35.1995
35.3682
35.5335
35.6999
35.8661
36.0336
36.2000
36.3673
36.5333
36.7016
36.8667
37.0331
37.2002
37.3680
37.5331
37.7006
37.8663
38.0361
38.1998
38.3669
38.5349
38.7008
38.8669
39.0344
39.1995
39.3665
39.5340
39.6998
39.8662
40.0319
40.1992
40.3666
40.5339
40.8677
41.1991
41.3709
41.5347
41.7016
41.8676
42.2017
42.3660
42.5419
42.8651
43.2006
43.5327
43.6996
43.8724
44.0331
44.2018
44.5326
44.8687
45.0331
45.2097
45.5357
45.8671
46.2034
46.3663
46.5373
46.8663
47.2007
47.5345
47.7009
47.8737
48.1997
48.5327
48.7126
48.8669
49.0327
49.2059
49.3650
49.5362
49.7024
49.8668
50.2029
50.3652
50.5413
50.6995
50.8714
51.2032
51.5372
51.7021
51.8699
52.0358
52.1995
52.3682
52.5341
52.8675
53.0329
53.2113
53.5346
53.8666
54.2024
54.3665
54.5401
54.6985
54.8691
55.2008
55.5351
55.7000
55.8773
56.1993
56.5338
56.8664
57.0332
57.2058
57.5350
57.8653
58.2024
58.3651
58.5409
58.8695
59.2008
59.5323
59.7005
59.8747
60.0334
60.2007
60.3701
60.5329
60.8668
61.0341
61.2096
61.3673
61.5400
61.8704
62.2026
62.5411
62.8715
63.3769
63.5429
63.7077
63.8776
64.5410
64.7102