1.3817
1.5545
1.7289
1.9006
2.0727
2.2454
2.4233
2.5903
2.7620
2.9353
3.1077
3.2796
3.4542
3.6244
3.8061
3.9720
4.1404
4.3161
4.4889
4.6588
4.8332
5.0031
5.1844
5.3571
5.5208
5.6932
5.8666
6.0374
6.2130
6.3828
6.5579
6.7285
6.8997
7.0731
7.2473
7.4171
7.5911
7.7629
7.9356
8.1180
8.2800
8.4514
8.6258
8.7966
8.9712
9.1418
9.3183
9.4867
9.6592
9.8312
10.0052
10.1751
10.3501
10.5217
10.7023
10.8799
11.0380
11.2110
11.3859
11.5546
11.7284
11.9014
12.0743
12.2456
12.4184
12.5901
12.7661
12.9351
13.1092
13.2794
13.4595
13.6343
13.7964
13.9697
14.1429
14.3127
14.4867
14.6597
14.8398
15.0036
15.1757
15.3501
15.5251
15.6933
15.8677
16.0381
16.2219
16.3912
16.5555
16.7275
16.9017
17.0718
17.2464
17.4179
17.5976
17.7627
17.9333
18.1080
18.2823
18.4512
18.6255
18.7969
18.9720
19.1551
19.3149
19.4861
19.6597
19.8315
20.0064
20.1761
20.3575
20.5203
20.6931
20.8659
21.0405
21.2096
21.3844
21.5559
21.7370
21.9104
22.0730
22.2449
22.4201
22.5897
22.7641
22.9348
23.1132
23.2795
23.4524
23.6238
23.8092
23.9706
24.1432
24.3141
24.4875
24.6658
24.8306
25.0041
25.1802
25.3477
25.5200
25.6918
25.8639
26.0378
26.2109
26.3829
26.5573
26.7270
26.8993
27.0719
27.2443
27.4144
27.5904
27.7627
27.9371
28.1063
28.2778
28.4519
28.6223
28.7964
28.9699
29.1413
29.3165
29.4859
29.6579
29.8302
30.0022
30.1744
30.3504
30.5205
30.6960
30.8647
31.0359
31.2100
31.3830
31.5544
31.7278
31.9005
32.0748
32.2439
32.4166
32.5888
32.7607
32.9335
33.1081
33.2793
33.4535
33.6240
33.7961
33.9682
34.1407
34.3138
34.4867
34.6590
34.8332
35.0027
35.1743
35.3480
35.5205
35.6908
35.8661
36.0389
36.2144
36.3826
36.5545
36.7269
36.8987
37.0727
37.2450
37.4168
37.5928
37.7620
37.9332
38.1065
38.2789
38.4488
38.6241
38.7979
38.9723
39.1401
39.3128
39.4851
39.6568
39.8313
40.0042
40.1757
40.3521
40.5203
40.6927
40.8651
41.0372
41.2094
41.3839
41.5561
41.7312
41.8996
42.0708
42.2446
42.4183
42.5893
42.7624
42.9343
43.1088
43.2789
43.4518
43.6228
43.7958
43.9685
44.1429
44.3146
44.4888
44.6590
44.8291
45.0029
45.1761
45.3477
45.5213
45.6941
45.8660
46.0371
46.2093
46.3846
46.5525
46.7278
46.9011
47.0725
47.2495
47.4172
47.5905
47.7610
47.9324
48.1094
48.2797
48.4540
48.6261
48.7957
48.9679
49.3133
49.4835
49.6598
49.8325
50.0074
50.1753
50.3483
50.5194
50.6916
50.8687
51.0397
51.2099
51.3857
51.5538
51.7279
51.8993
52.0711
52.2433
52.4209
52.7652
52.9332
53.1060
53.4509
53.6280
53.7971
53.9693
54.1454
54.3142
54.4870
54.6571
54.8293
55.0009
55.1779
55.3489
55.5231
55.6916
55.8645
56.2090
56.3859
56.5551
56.7287
56.9035
57.0718
57.2447
57.4153
57.5882
57.7610
57.9363
58.1068
58.2815
58.4511
58.6240
58.7956
58.9671
59.1440
59.3129
59.4862
59.6619
59.8306
60.0025
60.1755
60.3473
60.5188
60.6945
61.0416
61.2114
61.3837
61.5546
61.7260
61.9033
62.0727
62.2447
62.4191
62.5881
62.7612
62.9345
63.1047
63.2768
63.4548
63.7993
63.9684
64.1409
64.4852
64.6611
64.8317
65.0030
65.1784
65.3482
65.5201
65.6927
65.8640
66.0347
66.2114
66.3834
66.5570
66.7262
66.8991
67.0718
67.2435
67.4207
67.5912
67.7616
67.9360
68.1058
68.2802
68.4516
68.6232
68.8032
68.9715
69.1412
69.3150
69.4853
69.6627
69.8305
70.0073
70.1790
70.3481
70.5243
70.6929
70.8660
71.0402
71.2110
71.3868
71.5663
71.7289
71.8997
72.0776
72.2441
72.4207
72.5894
72.7705
72.9367
73.1062
73.2792
73.4564
73.6227
73.7988
73.9695
74.1422
74.3251
74.4882
74.8352
75.0040
75.1779
75.5303
75.6950
75.8649
76.0383
76.2152
76.3822
76.5593
76.7281
76.9066
77.0858
77.2445
77.4178
77.5917
77.7611
77.9373
78.1062
78.2843
78.4546
78.6238
78.7959
78.9712
79.1407
79.3169
79.4856
79.6659
79.8389
80.0063
80.1764
80.3525
80.5202
80.6977
80.8672
81.0468
81.2141
81.3823
81.5547
81.7307
81.8992
82.0747
82.2442
82.4279
82.5981
82.7641
83.1098
83.2795
83.4554
83.6239
83.8044
83.9712
84.1410
84.3139
84.4881
84.6589
84.8343
85.0029
85.1767
85.3559
85.5223
85.8698
86.0378
86.2134
86.3824
86.5561
86.7301
86.8999
87.0724
87.2454
87.4179
87.5920
87.7632
87.9365
88.1191
88.2790
88.4509
88.6274
88.7964
88.9716
89.1414
89.3189
89.4886
89.6573
89.8310
90.0107
90.1754
90.3520
90.5201
90.6927
90.8679
91.0432
91.2411
91.3586
91.4828
91.5654
91.7369
91.9127
92.4301
92.7590
93.2775
94.3268
94.6720
95.1871
95.6898
96.2087
96.5560
96.7281
96.9012
97.0718
97.2429
97.4165
97.5900
97.7619
97.9345
98.1085
98.2805
98.4512
98.6227
98.7968
98.9695
99.1393
99.3145
99.4871
99.6609
99.8304
100.0038
100.1751
100.3471
100.5215
100.6939
100.8658
101.0400
101.2090
101.3807
101.5548
101.7283
101.8973
102.0728
102.2450
102.4215
102.5889
102.7614
102.9338
103.1050
103.2799
103.4529
103.6242
103.7977
103.9677
104.1398
104.3131
104.4863
104.6560
104.8318
105.0046
105.1788
105.3472
105.5192
105.6927
105.8642
106.0384
106.2113
106.3844
106.5575
106.7275
106.9003
107.0721
107.2434
107.4170
107.5911
107.7639
107.9392
108.1061
108.2766
108.4516
108.6247
108.7970
108.9690
109.1417
109.3168
109.4858
109.6577
109.8307
110.0027
110.1744
110.3491
110.5236
110.6970
110.8649
111.0361
111.2098
111.3824
111.5546
111.7281
111.9000
112.0724
112.2442
112.4154
112.5908
112.7623
112.9398
113.1075
113.2813
113.4561
113.6237
113.7967
113.9679
114.1401
114.3161
114.4867
114.6616
114.8354
115.0018
115.1758
115.3485
115.5191
115.6915
115.8680
116.2141
116.3815
116.5542
116.7263
116.8991
117.0760
117.2458
117.4176
117.5937
117.9355
118.1060
118.2776
118.4495
118.6274
118.9724
119.1409
119.3124
119.4869
119.6580
119.8331
120.0042
120.1763
120.3524
120.5207
120.6933
120.8646
121.0366
121.2079
121.3837
121.5549
121.7303
121.8979
122.0712
122.2461
122.4166
122.5922
122.7631
122.9352
123.1113
123.2788
123.4510
123.6234
123.7947
123.9682
124.1435
124.4905
124.6597
124.8319
125.0033
125.1757
125.3518
125.5210
125.6933
125.8690
126.0368
126.2090
126.5531
126.7252
126.9035
127.2491
127.4170
127.5895
127.9330
128.1106
128.2802
128.4536
128.6292
128.7946
128.9706
129.1420
129.3127
129.4840
129.6618
130.0069
130.1747
130.3474
130.5187
130.6910
130.8696
131.0390
131.2122
131.3873
131.7283
131.8983
132.0705
132.2432
132.4193
132.5911
132.7659
132.9335
133.1059
133.2798
133.4513
133.6276
133.7971
133.9697
134.1431
134.3141
134.4862
134.6610
134.8296
135.0096
135.1783
135.3481
135.5222
135.6930
135.8690
136.0369
136.2142
136.3851
136.5540
136.7318
136.9010
137.0723
137.2489
137.4182
137.5991
137.7745
137.9359
138.1060
138.2840
138.4510
138.6271
138.7975
138.9746
139.1432
139.3140
139.4866
139.6638
139.8311
140.0073
140.1765
140.3507
140.5320
140.6969
141.0418
141.2096
141.3865
141.5551
141.7328
141.9019
142.0727
142.2442
142.4219
142.5881
142.7658
142.9350
143.1153
143.2907
143.4515
143.6246
143.8024
143.9671
144.1458
144.3126
144.4902
144.6621
144.8308
145.0033
145.1789
145.3487
145.5239
145.6935
145.8708
146.0519
146.2126
146.5596
146.7264
146.9040
147.0727
147.2526
147.4200
147.5895
147.7620
147.9366
148.1060
148.2831
148.4516
148.6300
148.8055
148.9705
149.3174
149.4865
149.6616
149.8312
150.0116
150.1780
150.3480
150.5209
150.6953
150.8648
151.0419
151.2112
151.3852
151.5670
151.7290
152.0764
152.2442
152.4201
152.5901
152.7640
152.9366
153.1067
153.2796
153.4564
153.6236
153.8006
153.9692
154.1475
154.3245
154.4858
154.8315
155.1413
155.3135
155.4493
155.5245
155.8656
156.0374
156.2100
156.3827
156.5553
156.7271
156.9062
157.0731