2.4037
2.6035
2.8065
3.0044
3.2065
3.4032
3.6034
3.8036
4.0051
4.2063
4.4028
4.6049
4.8026
5.0061
5.2037
5.4032
5.6063
5.8033
6.0062
6.2028
6.4049
6.6034
6.8017
7.0027
7.2070
7.4064
7.6063
7.8045
8.0025
8.2044
8.4038
8.6037
8.8093
9.0026
9.2046
9.4032
9.6042
9.8091
10.2031
10.4054
10.6054
10.8057
11.2029
11.4033
11.6059
11.8028
12.0076
12.2039
12.4070
12.6042
12.8065
13.0073
13.2117
13.6072
13.8029
14.0063
14.2039
14.4038
14.6031
14.8050
15.0029
15.2063
15.4035
15.6065
15.8034
16.0051
16.2046
16.4022
16.6042
16.8106
17.0060
17.2055
17.4035
17.6036
17.8046
18.0042
18.2019
18.4050
18.6037
18.8112
19.0024
19.2048
19.4040
19.6035
19.8032
20.0123
20.2073
20.4063
20.6034
20.8030
21.0046
21.2035
21.4031
21.6093
21.8033
22.0044
22.2030
22.4039
22.6088
22.7298
22.8273
23.2111
23.4064
23.6062
24.0031
24.2030
24.4060
24.6027
24.8085
25.0052
25.2090
25.4044
25.6048
25.8088
26.0105
26.4057
26.6036
26.8073
27.2041
27.4037
27.6041
27.8032
28.0069
28.2042
28.4041
28.6027
28.8024
29.0039
29.2031
29.4022
29.6022
29.8050
30.0017
30.2024
30.4027
30.6030
30.8029
31.0022
31.2040
31.4024
31.6044
32.0030
32.2033
32.4049
32.6028
32.8052
33.0043
33.2020
33.4028
33.6019
33.8040
34.0022
34.2021
34.4037
34.6019
34.8037
35.2032
35.4017
35.6044
35.8028
36.0049
36.2054
36.4037
36.8025
37.0014
37.2047
37.4024
37.6019
37.8032
38.0032
38.4021
38.6034
38.8038
39.0025
39.2040
39.4068
39.6034
40.0036
40.2032
40.4048
40.6024
40.8055
41.0030
41.2034
41.6023
41.8039
42.0032
42.2025
42.4035
42.6073
42.8023
43.0022
43.2025
43.4033
43.6034
43.8023
44.0040
44.2035
44.4056
44.8036
45.0037
45.2050
45.4032
45.6054
45.8059
46.0025
46.2028
46.4021
46.6037
46.8022
47.0023
47.2033
47.4026
47.6037
48.0031
48.2033
48.4043
48.6027
48.8044
49.0056
49.2032
49.6026
49.8039
50.0056
50.2030
50.4033
50.6026
50.8036
51.2021
51.4035
51.6033
51.8019
52.0035
52.2081
52.4032
52.8035
53.0032
53.2047
53.4023
53.6051
53.8045
54.0040
54.2041
54.4034
54.6034
54.8031
55.0024
55.2029
55.4060
55.6029
55.8027
56.0030
56.2038
56.4033
56.6022
56.8039
57.0023
57.2034
57.6044
57.8043
58.0045
58.2027
58.4054
58.6060
58.8038
59.0030
59.2023
59.4041
59.6026
59.8022
60.0063
60.2009
60.4031
60.8035
61.0055
61.2036
61.4030
61.6051
61.8066
62.0049
62.4020
62.6043
62.8039
63.0028
63.2063
63.4028
63.6047
64.0024
64.2051
64.4037
64.6020
64.8042
65.0049
65.2040
65.6024
65.8033
66.0046
66.2024
66.4057
66.6029
66.8039
67.2054
67.4030
67.6032
67.8024
68.0023
68.2067
68.4030
68.6023
68.8027
69.0036
69.2037
69.4028
69.6045
69.8031
70.0031
70.4045
70.6042
70.8048
71.0028
71.2054
71.4062
71.6057
72.0022
72.2039
72.4022
72.6022
72.8074
73.0016
73.2033
73.6038
73.8054
74.0042
74.2024
74.4048
74.6074
74.8046
75.2022
75.4032
75.6038
75.8029
76.0064
76.2041
76.4041
76.8031
77.0014
77.2037
77.4017
77.6039
77.8076
78.0037
78.4023
78.6038
78.8047
79.0027
79.2055
79.4055
79.6036
79.8037
80.0093
80.2263
80.4275
80.6273
80.8308
81.0296
81.2091
81.4279
81.6265
81.8283
82.0273
82.2271
82.4107
82.6263
82.8295
83.0266
83.2083
83.4267
83.6282
83.8261
84.0305
84.2297
84.4093
84.6274
84.8263
85.0276
85.2283
85.4276
85.6093
85.8257
86.0286
86.2277
86.4097
86.6330
87.2350
87.4296
87.6112
88.0278
88.2267
88.4286
88.6266
88.8130
89.0264
89.2297
89.4278
89.6097
89.8312
90.0117
90.4120
90.6276
90.8093
91.2103
91.4263
91.6244
91.8265
92.0080
92.2267
92.4079
92.6269
92.8233
93.0268
93.2265
93.4257
93.6275
93.8287
94.0076
94.2276
94.4260
94.6263
94.8273
95.0260
95.2079
95.4262
95.6299
95.8267
96.0078
96.2272
96.4267
96.6259
96.8280
97.0275
97.2088
97.4278
97.6260
97.8271
98.0274
98.2259
98.4080
98.6283
98.8337
99.0270
99.2084
99.4268
99.6279
99.8258
100.0295
100.2289
100.4076
100.6279
100.8257
101.0269
101.2273
101.4261
101.6086
101.8265
102.0292
102.2279
102.4085
102.6237
102.8263
103.0267
103.2080
103.4258
103.8269
104.0092
104.2258
104.4240
104.6260
104.8083
105.0227
105.2310
105.4264
106.4168
106.6134
106.8136
107.0145
107.4143
107.6150
107.8145
108.0153
108.8166
109.0146
109.2143
109.4142
109.6155
109.8146
110.0133
110.2151
110.6152
111.0156
111.4147
111.8133
112.0010
112.2029
112.4010
112.6021
112.8015
113.0023
113.2031
113.4021
113.6024
113.8025
114.0020
114.2020
114.4013
114.6025
114.8025
115.0030
115.2022
115.4029
115.6024
115.8019
116.0024
116.2014
116.4022
116.6020
116.8024
117.0026
117.2024
117.4025
117.6008
117.8016
118.0011
118.2031
118.4010
118.6029
118.8017
119.0020
119.2013
119.4022
119.6033
119.8015
120.2005
120.4027
120.6020
120.8031
121.0014
121.2022
121.4033
121.6017
121.8037
122.0018
122.2027
122.4012
122.6012
122.8025
123.0019
123.2023
123.4039
123.6021
123.8043
124.0016
124.2024
124.4018
124.6024
124.8028
125.0029
125.2015
125.4019
125.6013
125.8019
126.0030
126.2019
126.4017
126.6026
126.8019
127.0018
127.2008
127.4013
127.6023
127.8035
128.0020
128.2028
128.4020
128.6022
128.8025
129.0019
129.2034
129.4021
129.6015
129.8030
130.0016
130.2023
130.4019
130.6015
130.8012
131.0031
131.2012
131.4030
131.6017
131.8022
132.0014
132.2012
132.4040
132.6012
132.8025
133.0013
133.2022
133.4020
133.6031
133.8024
134.0030
134.2038
134.4017
134.6038
134.8014
135.0026
135.2006
135.4010
135.6040
135.8017
136.0025
136.2045
136.4021
136.6044
136.8018
137.0010
137.4022
137.6031
137.8031
138.0013
138.2024
138.4014
138.6016
138.8045
139.0025
139.2024
139.4026
139.6020
139.8019
140.0011
140.2019
140.4030
140.6035
140.8021
141.0039
141.2014
141.4020
141.6025
141.8020
142.0043
142.2009
142.4026
142.6035
142.8019
143.0027
143.2017
143.4010
143.6010
143.8032
144.0014
144.2033
144.4017
144.6017
144.8014
145.0011
145.2050
145.4010
145.6025
145.8012
146.0025
146.2020
146.4025
146.6016
146.8021
147.0039
147.2019
147.4034
147.6015
147.8020
148.0011
148.2012
148.4041
148.6018
148.8024
149.0041
149.2021
149.4043
149.6019
149.8008
150.2022
150.4030
150.6036
150.8013
151.0022
151.2014
151.4024
151.6037
151.8021
152.0025
152.2026
152.4023
152.6023
152.8011
153.0018
153.2030
153.4039
153.6021
153.8037
154.0020
154.2015
154.4025
154.6020
154.8044
155.0015
155.2025
155.4034
155.6024
155.8029
156.0006
156.2006
156.4008
156.6021
156.8034
157.0040
157.2045
157.4037
157.6073
157.8061
158.0040
158.2057
158.4030
158.6058
158.8035
159.0049
159.2050
159.4047
159.6052
159.8022
160.0043
160.2051
160.4018
160.6026
160.8064
161.0073
161.2062
161.4032
161.6026
161.8037
162.0046
162.2041
162.4075
162.6027
162.8049
163.0025
163.2039
163.4068
163.6036
164.0049
164.2028
164.4052
164.8024
165.0029
165.2041
165.4026
165.6072
165.8026
166.0076
166.2041
166.4033
166.6068
166.8051
167.2062
167.4026
167.6053
167.8034
168.0039
168.2022
168.4044
168.6031
168.8060
169.0024
169.2064
169.4017
169.6030
169.8031
170.0025
170.2018
170.4044
170.6045
170.8039
171.0043
171.2026
171.4033
171.6034
171.8020
172.0058
172.2025
172.4059
172.6029
172.8031
173.0024
173.2026
173.4023
173.6094
173.8037
174.0038
174.2034
174.4022
174.6035
174.8034
175.0017
175.2048
175.4023
175.6039
175.8029
176.0034
176.2034
176.4029
176.6022
176.8027
177.0021
177.2047
177.4034
177.6018
177.8036
178.0031
178.2027
178.4073
178.6022
178.8073
179.0045
179.2041
179.4046
179.6036
179.8028
180.0056
180.2036
180.4035
180.6023
180.8037
181.0041
181.2037
181.4022
181.6052
181.8041
182.0066
182.2032
184.0050
184.8029
185.0035
185.2055
185.4041
185.8022
186.0055
186.2038
186.4089
186.6054
186.9965
187.2082
187.4048
187.6106
187.8059
188.4125
188.8139
189.0102
189.6128
190.0154
190.2127