1.3721
1.7102
2.0514
2.3972
2.7290
3.0847
3.2419
3.4153
3.5837
3.7525
3.9252
4.0936
4.4357
4.7792
5.1160
5.2978
5.4577
5.8069
5.9696
6.1378
6.3115
6.4796
6.6514
6.8223
7.1647
7.5041
7.6819
7.8441
8.0222
8.1865
8.5307
8.6976
8.8655
9.0373
9.2078
9.3777
9.5496
9.8869
10.2301
10.5718
10.7551
10.9140
11.2591
11.4249
11.5940
11.7653
11.9362
12.1050
12.2758
12.6154
12.9579
13.1372
13.3012
13.4753
13.6383
13.9936
14.1518
14.3223
14.4915
14.6619
14.8336
15.0019
15.3433
15.6863
16.0274
16.2046
16.3655
16.7212
16.8781
17.0512
17.2195
17.3879
17.5614
17.7295
18.0715
18.4151
18.7517
18.9339
19.0940
19.4450
19.6055
19.7797
19.9477
20.1157
20.2881
20.4586
20.8008
21.1412
21.3221
21.4803
21.6647
21.8220
22.1664
22.3335
22.5019
22.6748
22.8438
23.0148
23.1881
23.5280
23.8697
24.0470
24.2124
24.3834
24.5507
24.8974
25.0616
25.2332
25.4010
25.5715
25.7419
25.9145
26.2513
26.5937
26.8711
26.9364
27.1134
27.2788
27.6238
27.7871
27.9593
28.1281
28.2968
28.4694
28.6387
28.9796
29.3219
29.4972
29.6643
29.8462
30.0024
30.3494
30.5147
30.6872
30.8560
31.0245
31.1974
31.3655
31.7075
32.0509
32.3931
32.5742
32.7298
33.0741
33.2420
33.4156
33.5836
33.7520
33.9258
34.0994
34.4366
34.7797
34.9535
35.1216
35.4585
35.8082
35.9695
36.1440
36.3109
36.4797
36.6510
36.8221
37.1642
37.5025
37.8445
38.0250
38.1865
38.5363
38.6978
38.8669
39.0369
39.2078
39.3781
39.5488
39.8886
40.2305
40.4069
40.5723
40.7549
40.9148
41.2616
41.4255
41.5944
41.7652
41.9366
42.1056
42.2738
42.6153
42.9577
43.3008
43.4776
43.6378
43.9846
44.1517
44.3225
44.4917
44.6614
44.8337
45.0019
45.1757
45.3440
45.5131
45.6867
45.8579
46.0297
46.1981
46.3671
46.7065
46.8766
47.0448
47.2190
47.3939
47.5618
47.7303
48.0716
48.4084
48.7509
49.0935
49.6045
49.7726
49.9473
50.1221
50.2877
50.4583
50.7998
51.1364
51.4790
51.8213
51.9922
52.1632
52.3324
52.5011
52.8471
53.0145
53.1845
53.3569
53.5253
53.8655
54.2073
54.5485
54.7206
54.8899
55.0595
55.2293
55.5730
55.7425
55.9114
56.0841
56.2527
56.5938
56.9339
57.2780
57.6177
57.7871
57.9566
58.3019
58.4693
58.6392
58.8101
58.9800
59.3203
59.6621
59.8447
60.0044
60.1745
60.3453
60.5154
60.6829
61.0295
61.1971
61.3670
61.5382
61.7069
62.0459
62.3891
62.5702
62.7313
63.0722
63.2423
63.4104
63.7560
63.9239
64.0929
64.2651
64.4349
64.7743
64.9500
65.1148
65.4583
65.6280
65.8006
65.9699
66.1378
66.3129
66.4856
66.6501
66.8209
66.9935
67.1622
67.5019
67.8445
68.1866
68.5275
68.6958
68.8659
69.2104
69.3783
69.5481
69.7197
69.8890
70.2297
70.5701
70.7528
70.9132
71.0844
71.2539
71.4239
71.5936
71.9364
72.1053
72.2754
72.4475
72.6171
72.9570
73.2978
73.4809
73.6405
73.9821
74.1512
74.3219
74.6659
74.8322
75.0030
75.1742
75.3442
75.6829
76.0254
76.3668
76.5380
76.7114
76.8795
77.0472
77.3938
77.5615
77.9019
78.0714
78.4109
78.7529
79.0947
79.4366
79.6059
79.7739
80.1191
80.2866
80.4572
80.6287
80.7980
81.1376
81.4812
81.6632
81.8229
81.9916
82.1628
82.3333
82.5018
82.8460
83.0145
83.1843
83.3561
83.5253
83.8654
84.2066
84.3904
84.5493
84.7213
84.8903
85.0600
85.2301
85.5739
85.7417
85.9115
86.0832
86.2526
86.5933
86.9342
87.2758
87.4481
87.6202
87.7877
87.9581
88.3011
88.4695
88.6409
88.8112
88.9815
89.3195
89.6613
90.0028
90.3542
90.5154
90.6873
90.8559
91.0258
91.1968
91.3666
91.7085
92.0520
92.3882
92.5703
92.7302
93.0813
93.2420
93.4153
93.5837
93.7520
93.9246
94.0941
94.4368
94.7792
94.9578
95.1168
95.2964
95.4585
95.8046
95.9698
96.1418
96.3118
96.4810
96.6513
96.8210
97.0044
97.1616
97.5047
97.8453
98.0256
98.1850
98.3678
98.4966
98.6967
98.8671
99.0373
99.2087
99.3776
99.5516
99.8906
100.2333
100.5762
100.7479
100.9151
101.2663
101.4254
101.5958
101.7646
101.9350
102.1056
102.2747
102.6157
102.9585
103.3011
103.4790
103.6383
103.9883
104.1511
104.3231
104.4922
104.6603
104.8344
105.0019
105.3440
105.6873
106.0241
106.2103
106.3665
106.7160
106.8780
107.0519
107.2199
107.3935
107.5609
107.7312
107.9122
108.0709
108.4160
108.5869
108.7579
108.9327
109.0939
109.2771
109.4384
109.6061
109.7759
109.9466
110.1170
110.2893
110.4598
110.6388
110.8019
111.1444
111.3256
111.4862
111.8234
112.0069
112.1720
112.3338
112.5090
112.6723
112.8457
113.1876
113.3668
113.5333
113.8720
114.2117
114.3922
114.5527
114.9047
115.0605
115.2365
115.4012
115.5728
115.7439
115.9139
116.0927
116.2579
116.5992
116.9410
117.2807
117.6190
117.7876
117.9623
118.1288
118.3015
118.4707
118.6419
118.8204
118.9827
119.3251
119.6676
119.8484
120.0050
120.3480
120.5145
120.6907
120.8563
121.0281
121.1996
121.3689
121.5499
121.7108
122.0520
122.3953
122.7348
123.0822
123.2430
123.4176
123.5842
123.7537
123.9269
124.0961
124.2772
124.4387
124.7801
125.1202
125.3000
125.4603
125.8098
126.1447
126.3104
126.4809
126.6529
126.8238
127.0036
127.1663
127.5076
127.8486
128.0326
128.1884
128.5364
128.6973
128.8708
129.0375
129.2091
129.3801
129.5505
129.7302
129.8925
130.2343
130.5783
130.9157
131.2512
131.4248
131.5992
131.7653
131.9380
132.1109
132.2761
132.4489
132.6174
132.7876
132.9597
133.1290
133.3027
133.4704
133.6399
133.8112
133.9823
134.1524
134.3206
134.4924
134.6668
134.8372
135.0029
135.1778
135.3455
135.6912
136.0272
136.3678
136.5411
136.7098
136.8802
137.0492
137.2206
137.3943
137.5611
137.7322
137.9039
138.0733
138.4119
138.7537
139.0957
139.4357
139.6062
139.7749
139.9465
140.1223
140.2872
140.4575
140.6289
140.7982
141.1385
141.4811
141.8235
141.9924
142.1632
142.3330
142.5030
142.6748
142.8472
143.0153
143.1854
143.3572
143.5260
143.7077
143.8642
144.0506
144.2092
144.5517
144.7233
144.8937
145.0638
145.2293
145.5757
145.7441
146.0849
146.2541
146.5954
146.9362
147.2766
147.4495
147.6197
147.7920
147.9564
148.3030
148.4713
148.8134
148.9822
149.3226
149.6628
150.0034
150.1744
150.3460
150.5152
150.6903
151.0286
151.1963
151.3663
151.5374
151.7069
152.0472
152.2228
152.3915
152.7320
152.9030
153.0735
153.2430
153.4129
153.5858
153.7525
153.9236
154.0938
154.2649
154.4341
154.7749
155.1171
155.4576
155.6345
155.7999
155.9706
156.1387
156.4842
156.6512
156.8210
156.9939
157.1631
157.5030
157.8460
158.1863
158.3594
158.5285
158.6996
158.8656
159.2101
159.3787
159.5483
159.7227
159.8903
160.2310
160.5727
160.9124
161.2533
161.4243
161.5936
161.7649
161.9385
162.1060
162.2758
162.4483
162.6174
162.9578
163.3027
163.6393
163.8097
163.9808
164.1515
164.3199
164.4922
164.6662
164.8347
165.1761
165.3444
165.5264
165.6833
165.8683
166.0261
166.3673
166.5432
166.7095
166.8801
167.0478
167.3914
167.5604
167.9028
168.0712
168.4117
168.7563
169.0947
169.2675
169.4364
169.6074
169.7755
170.1189
170.2875
170.6293
170.8018
171.1394
171.4803
171.8216
172.1646
172.3343
172.5032
172.8462
173.0146
173.1852
173.3564
173.5253
173.8670
174.2104
174.5487
174.7216
174.8894
175.0613
175.2306
175.5734
175.7421
175.9123
176.0838
176.2532
176.5949
176.9352
177.2760
177.6249
177.7871
177.9598
178.1282
178.3005
178.4711
178.6392
178.8203
178.9797
179.3188
179.6634
179.8436
180.0036
180.1852
180.3515
180.5149
180.6881
180.8564
181.0247
181.1972
181.3665
181.7087
182.0519
182.2260
182.3887
182.5717
182.7310
183.0752
183.2422
183.4142
183.5843
183.7546
183.9257
184.0940
184.2773
184.4341
184.7736
185.1180
185.3000
185.4575
185.6409
185.8032
185.9697
186.1397
186.3099
186.4818
186.6531
186.8209
187.0033
187.1616
187.5034
187.6837
187.8463
188.0241
188.1844
188.3680
188.5367
188.6969
188.8675
189.0378
189.2098
189.3796
189.5487
189.7321
189.8899
190.2303
190.5741
190.7558
190.9116
191.0970
191.2662
191.4238
191.5958
191.7647
191.9378
192.1107
192.2753
192.4572
192.6165
192.9590
193.3016
193.4823
193.6400
193.8235
193.9880
194.1512
194.3245
194.4929
194.6635
194.8353
195.0039
195.1849
195.3438
195.6887
195.8685
196.0270
196.2063
196.3666
196.5495
196.7135
196.8793
197.0463
197.2203
197.3889
197.5614
197.7315
198.0740
198.3907
198.7569
198.9529
200.8034
201.1445
201.8252
202.3399
202.5151
202.6844
202.8540
203.0257
203.5358
203.8735
204.5534
204.9956
205.0721
205.2452
205.4145
205.5816
205.7534
206.2637
206.6057
206.9448
207.2858
207.7969
207.9710
208.1399
208.3093
208.4804
208.9917
209.3324
209.6727