0.0000
0.4387
1.7719
2.4751
2.7737
2.8274
3.0046
3.1861
3.3574
3.5346
3.8857
4.0613
4.2403
4.5694
4.7743
4.9444
5.2117
5.2980
5.6499
5.8300
6.0045
6.1799
6.3588
6.7100
6.8862
7.0635
7.3869
7.5954
7.7251
8.1222
8.4752
8.6516
8.8273
9.0048
9.1809
9.5342
9.7087
9.8876
10.2383
10.4200
10.5908
10.8481
10.9450
11.2972
11.4737
11.6522
11.8268
12.0024
12.2984
12.3562
12.5319
12.7093
12.9672
13.0630
13.2376
13.4153
13.5907
13.7668
14.1200
14.2999
14.4744
14.6532
14.8286
15.1265
15.1817
15.3566
15.5361
15.7448
15.8850
16.0672
16.2392
16.5934
16.9460
17.1229
17.2996
17.4755
17.6533
18.0033
18.1787
18.3575
18.7119
18.8907
19.0622
19.4147
19.7672
19.9478
20.1219
20.2987
20.4765
20.8289
21.0041
21.1807
21.5329
21.7141
21.8871
22.2402
22.5934
22.7681
22.9447
23.1207
23.2982
23.6509
23.8267
24.0055
24.3588
24.5382
24.7095
24.8842
25.0608
25.2381
25.4156
25.7704
26.1201
26.4734
26.6500
26.8275
27.0321
27.1807
27.3824
27.4846
27.8837
28.1608
28.2376
28.5913
28.9458
29.2954
29.4735
29.6512
29.9458
30.0031
30.1768
30.3563
30.6080
30.7097
30.9951
31.0618
31.4135
31.7679
32.1217
32.2970
32.4750
32.8289
33.0290
33.0922
33.1783
33.5320
33.7114
33.8176
33.8857
34.2392
34.5917
34.8862
34.9426
35.1205
35.2973
35.5524
35.6232
35.8242
36.0030
36.3302
36.5390
36.7082
37.0626
37.4156
37.7692
37.9444
38.1231
38.3302
38.4736
38.7251
38.7827
39.1790
39.4636
39.5336
39.8861
40.1600
40.2379
40.5578
40.7677
40.9450
41.1512
41.2693
41.4721
41.6491
41.9170
41.9794
42.3560
42.6711
43.0635
43.3803
43.5918
43.7685
44.1204
44.3242
44.3812
44.4348
44.8266
45.1029
45.1783
45.5114
45.8851
46.1978
46.4144
46.5929
46.9199
47.1197
47.2964
47.4738
47.6502
47.8345
48.0037
48.3554
48.7105
49.0644
49.2371
49.4161
49.7696
50.1234
50.4729
50.8275
51.1794
51.5341
51.8854
52.0617
52.2389
52.5942
52.7663
52.9455
53.2974
53.6515
54.0024
54.3579
54.7111
54.8848
55.0633
55.4171
55.7701
56.1199
56.4750
56.8268
57.1811
57.5306
57.7091
57.8861
58.2399
58.4129
58.5922
58.9460
59.2993
59.6493
60.0045
60.3575
60.5312
60.7098
61.0647
61.4161
61.7672
62.1219
62.4742
62.8294
63.1782
63.3537
63.5329
63.8876
64.0610
64.2407
64.5911
64.9452
65.2971
65.6522
66.0056
66.1792
66.3572
66.7121
67.0629
67.4153
67.7695
68.1202
68.4754
68.8259
69.0016
69.1807
69.3605
69.5337
69.7086
69.8834
70.0607
70.2366
70.4120
70.5924
70.7708
70.9512
71.1223
71.2994
71.6527
71.8273
72.0064
72.3555
72.5373
72.7100
73.0627
73.4167
73.5927
73.7681
73.9459
74.1220
74.4743
74.6499
74.8284
75.1819
75.3620
75.5316
75.7927
75.8848
76.2375
76.4183
76.5927
76.7690
76.9473
77.2980
77.4742
77.6513
78.0044
78.1849
78.3565
78.6202
78.7119
79.0646
79.2389
79.4150
79.5913
79.7685
80.1221
80.2973
80.4759
80.7896
80.9930
81.1805
81.3527
81.5322
81.8865
82.0637
82.2409
82.4158
82.5951
82.9446
83.1208
83.2980
83.5439
83.6517
83.8320
84.0014
84.2720
84.3595
84.7105
84.8882
85.0630
85.2411
85.4172
85.7702
85.9433
86.1243
86.4739
86.6545
86.8272
87.0959
87.1805
87.5343
87.7107
87.8858
88.0638
88.2398
88.5916
88.7670
88.9462
89.2978
89.4796
89.6502
90.0034
90.3556
90.5324
90.6366
90.7110
90.8855
91.0609
91.4151
91.5906
91.7680
91.9266
92.1209
92.3033
92.4731
92.6490
92.8270
93.0038
93.1788
93.3542
93.5331
93.7100
93.8873
94.2398
94.4141
94.5918
94.7672
94.9446
95.1614
95.2422
95.2963
95.6495
95.8721
96.0044
96.1784
96.3546
96.5337
96.7070
97.0611
97.2377
97.4146
97.5914
97.7690
97.9430
98.1208
98.4727
98.7178
98.8254
99.0019
99.1792
99.3580
99.5342
99.8883
100.0622
100.2382
100.4143
100.5924
100.8939
100.9447
101.2742
101.6505
101.8262
102.0025
102.3553
102.7084
102.8850
103.0636
103.2375
103.4148
103.5887
103.7676
103.9438
104.1239
104.4731
104.6487
104.8282
105.1382
105.5330
105.7103
105.8861
106.0558
106.1992
106.5496
106.9427
107.2967
107.4727
107.6502
107.8317
108.0037
108.3547
108.5325
108.7090
108.8852
109.0623
109.2363
109.4145
109.7680
110.0124
110.0728
110.2961
110.4727
110.7752
111.1404
111.3545
111.5330
111.7081
111.8871
112.1846
112.2410
112.5903
112.9442
113.1194
113.2973
113.4746
113.6517
114.0006
114.1801
114.3567
114.5309
114.7100
114.8834
115.0630
115.2377
115.4171
115.5986
115.7678
116.1200
116.4745
116.8290
117.0025
117.1812
117.5351
117.8862
118.2384
118.5928
118.9450
119.3003
119.6488
119.8261
120.0038
120.3580
120.5307
120.7107
121.0605
121.4161
121.7673
122.1225
122.4760
122.6493
122.8271
123.1819
123.5337
123.8858
124.2399
124.5900
124.9456
125.2963
125.4728
125.6509
126.0056
126.1779
126.3591
126.7106
127.0630
127.4152
127.7704
128.1242
128.2951
128.4740
128.8288
129.1812
129.5323
129.8871
130.1546
130.2379
130.5928
130.9448
131.1196
131.2985
131.6535
131.8246
132.0032
132.3560
132.7103
133.0612
133.4171
133.7702
133.9429
134.1215
134.4761
134.8281
135.1786
135.5331
135.8852
136.2402
136.5904
136.7673
136.9446
137.1242
137.2979
137.4740
137.6495
137.8239
138.0031
138.1776
138.3581
138.5343
138.7146
138.8868
139.0633
139.4154
139.5910
139.7691
140.1224
140.3036
140.4729
140.7242
140.8025
141.1792
141.3594
141.5332
141.7103
141.8878
142.2408
142.4157
142.5952
142.9170
143.1255
143.2531
143.6523
144.0053
144.1810
144.3562
144.5347
144.7105
145.0632
145.2381
145.4170
145.7703
145.9485
146.1210
146.3703
146.4736
146.8268
147.0028
147.1814
147.3563
147.5348
147.8854
148.0622
148.2385
148.4449
148.5033
148.5922
148.9436
149.1281
149.2971
149.6525
149.8290
150.0037
150.1822
150.3580
150.7109
150.8854
151.0648
151.3120
151.4145
151.5965
151.7683
152.1219
152.4747
152.6525
152.8279
153.0044
153.1786
153.5334
153.7082
153.8865
154.1946
154.4201
154.5920
154.8406
154.9479
155.2968
155.4771
155.6509
155.8270
156.0050
156.3586
156.5332
156.7097
156.9709
157.0620
157.2433
157.4161
157.7701
158.1230
158.2975
158.4744
158.6511
158.8273
159.1228
159.1805
159.3559
159.5346
159.8100
159.8880
160.0680
160.2385
160.4132
160.5907
160.7677
160.9454
161.1210
161.3033
161.4753
161.6537
162.0028
162.1796
162.3570
162.5315
162.7104
162.8898
163.0642
163.4177
163.7702
163.9459
164.1204
164.2990
164.4750
164.8280
165.0027
165.1798
165.3555
165.5316
165.7152
165.8854
166.2390
166.5918
166.7687
166.9441
167.1220
167.2979
167.5988
167.6502
167.8246
168.0046
168.1785
168.3580
168.5388
168.7089
169.0599
169.4146
169.5904
169.7688
169.9442
170.1230
170.4737
170.6510
170.8274
171.0007
171.1114
171.1809
171.3544
171.5335
171.7099
171.8853
172.2380
172.4164
172.5914
172.7700
172.9451
173.2979
173.4742
173.6509
173.9102
174.0029
174.1861
174.3548
174.7082
175.0629
175.2387
175.4154
175.5925
175.7706
176.1212
176.2957
176.4755
176.6499
176.8279
177.0085
177.1815
177.5355
177.8846
178.0639
178.2392
178.4177
178.5924
178.9465
179.1202
179.2978
179.4737
179.6492
179.8322
180.0032
180.3564
180.7107
180.8853
181.0616
181.2403
181.4140
181.7674
181.9442
182.1223
182.2959
182.4761
182.6499
182.8273
183.0023
183.1797
183.3563